0 498 496
1 63 94
2 360 404
3 219 345
4 8 297
5 131 243
6 298 199
7 425 151
8 409 219
9 233 379
10 240 315
11 409 93
12 179 348
13 473 389
14 294 216
15 40 252
16 2 28
17 184 420
18 149 178
19 222 246
20 173 259
21 474 320
22 27 191
23 468 36
24 487 455
25 402 69
26 319 192
27 135 413
28 175 223
29 237 459
30 129 319
31 377 32
32 396 499
33 65 19
34 334 240
35 286 338
36 457 261
37 228 46
38 80 24
39 436 446
40 106 498
41 318 267
42 141 127
43 122 274
44 373 477
45 52 267
46 325 320
47 251 130
48 392 446
49 209 4
