0 928 440
1 50 456
2 891 140
3 251 387
4 933 996
5 222 753
6 326 519
7 207 221
8 629 817
9 700 613
10 867 167
11 95 733
12 263 529
13 675 778
14 72 902
15 619 835
16 399 420
17 913 923
18 420 918
19 659 848
20 780 421
21 498 541
22 145 791
23 454 752
24 221 209
25 440 212
26 314 143
27 786 819
28 769 946
29 345 800
30 213 636
31 14 297
32 422 638
33 854 167
34 176 540
35 757 749
36 649 982
37 21 507
38 62 293
39 82 200
40 509 788
41 81 931
42 686 57
43 768 360
44 468 938
45 268 480
46 285 326
47 503 559
48 172 351
49 445 936
50 773 881
51 796 959
52 325 929
53 311 847
54 697 349
55 630 587
56 809 310
57 990 180
58 356 876
59 259 399
60 252 688
61 701 261
62 157 482
63 370 557
64 884 972
65 483 840
66 315 478
67 852 875
68 594 742
69 584 713
70 639 100
71 731 305
72 289 948
73 423 789
74 676 922
75 765 645
76 677 874
77 641 486
78 467 86
79 474 554
80 542 270
81 892 616
82 493 649
83 720 913
84 645 219
85 11 935
86 157 20
87 578 830
88 435 868
89 209 62
90 108 698
91 137 903
92 901 175
93 692 771
94 684 164
95 865 660
96 995 234
97 55 265
98 155 58
99 599 256
