0 1323 581
1 508 851
2 1394 236
3 113 305
4 394 580
5 199 462
6 1212 518
7 1070 284
8 1374 394
9 1457 49
10 706 1315
11 279 1422
12 1318 370
13 985 727
14 86 1436
15 258 1476
16 1179 539
17 1429 430
18 1255 407
19 1238 1279
20 461 831
21 576 1316
22 635 1435
23 493 1192
24 888 856
25 256 864
26 951 784
27 1163 103
28 1052 1277
29 361 1353
30 37 1129
31 848 627
32 388 294
33 317 628
34 279 256
35 717 303
36 1466 2
37 17 1017
38 228 1123
39 606 375
40 425 981
41 572 1059
42 241 678
43 845 546
44 739 397
45 85 909
46 681 989
47 1025 231
48 77 328
49 802 737
50 1426 975
51 92 1052
52 1288 1331
53 1472 695
54 1489 1096
55 1436 418
56 1348 694
57 248 770
58 961 360
59 853 0
60 1378 1041
61 166 1396
62 141 933
63 439 295
64 982 1370
65 294 1198
66 1492 561
67 1480 1369
68 39 310
69 261 870
70 278 175
71 447 453
72 131 1023
73 1114 459
74 983 892
75 1263 1148
76 798 760
77 963 1397
78 897 201
79 662 996
80 718 710
81 321 929
82 948 408
83 450 766
84 1203 25
85 1112 1202
86 48 673
87 998 976
88 1408 1299
89 180 1286
90 371 1146
91 1103 484
92 767 1340
93 890 1233
94 1223 368
95 1081 861
96 441 850
97 659 519
98 1413 1142
99 734 1388
100 1279 477
101 914 1282
102 732 902
103 1028 301
104 968 594
105 928 1079
106 335 227
107 218 1306
108 1291 645
109 580 977
110 1302 509
111 407 264
112 515 1129
113 927 994
114 1047 690
115 61 1201
116 1098 269
117 1025 485
118 1165 1141
119 623 1432
120 968 894
121 1364 1008
122 1199 172
123 1041 478
124 390 1219
125 1212 320
126 1400 524
127 952 1396
128 35 1414
129 4 184
130 1255 432
131 127 1481
132 558 93
133 404 1428
134 521 1006
135 1000 606
136 435 552
137 1494 10
138 1386 1004
139 1001 700
140 1232 11
141 567 202
142 71 850
143 1296 869
144 1107 333
145 855 784
146 624 777
147 1262 983
148 321 1422
149 433 1272
