0 667 241
1 1534 458
2 280 602
3 1846 1033
4 570 739
5 151 651
6 1323 904
7 890 159
8 132 1369
9 537 1355
10 817 73
11 1579 1447
12 726 522
13 80 1266
14 1355 1147
15 1522 1641
16 779 1366
17 1389 535
18 1279 446
19 1479 1533
20 1032 26
21 1062 1299
22 1092 21
23 412 1587
24 470 1660
25 1564 1307
26 1316 1845
27 998 1134
28 1225 324
29 1432 1587
30 1218 570
31 1286 1018
32 972 1717
33 309 431
34 17 1396
35 1644 675
36 535 1873
37 218 1068
38 1586 1452
39 1338 1434
40 353 620
41 836 1702
42 279 97
43 268 1420
44 1861 705
45 1977 1521
46 1622 1080
47 393 1957
48 1086 1600
49 1686 467
50 1321 1953
51 869 279
52 716 1955
53 1888 1482
54 457 1158
55 754 912
56 1166 403
57 1568 901
58 567 935
59 272 928
60 1898 1330
61 333 1876
62 1783 1203
63 252 420
64 804 126
65 722 516
66 279 1581
67 167 256
68 1466 1244
69 747 1676
70 1294 59
71 1456 204
72 326 559
73 1037 1215
74 523 468
75 514 1726
76 594 1696
77 562 1075
78 381 1021
79 571 868
80 870 622
81 1194 1801
82 1728 946
83 1275 1968
84 1846 1015
85 1343 1047
86 1262 1838
87 1017 1236
88 1856 849
89 1109 569
90 1092 891
91 1521 1758
92 309 607
93 1109 1098
94 202 1989
95 1179 1126
96 1159 307
97 432 155
98 935 434
99 1017 881
100 1139 655
101 1831 8
102 1643 1257
103 941 506
104 576 1248
105 1973 1006
106 702 182
107 812 1700
108 1340 1315
109 1286 182
110 1696 1765
111 819 1258
112 1979 564
113 1398 474
114 1447 1312
115 1844 59
116 1599 407
117 555 1208
118 1683 1287
119 1022 698
120 898 1814
121 1829 358
122 927 412
123 344 1711
124 230 1039
125 101 326
126 95 582
127 1130 1975
128 628 895
129 715 871
130 3 1707
131 1931 1391
132 1980 1344
133 709 1031
134 577 1394
135 1079 683
136 1401 1648
137 1949 1919
138 117 206
139 968 1269
140 1847 905
141 537 1855
142 1004 1004
143 464 1767
144 1564 1566
145 1881 818
146 280 799
147 1257 1403
148 372 396
149 338 913
150 711 701
151 1411 334
152 1107 524
153 863 1460
154 1817 1651
155 1341 1307
156 1232 1754
157 357 1271
158 1278 1034
159 1097 477
160 697 1047
161 617 1039
162 152 576
163 456 749
164 705 726
165 358 13
166 1850 1791
167 841 1324
168 1247 1815
169 1412 1032
170 854 831
171 1031 471
172 770 479
173 1913 123
174 530 1962
175 1210 573
176 1593 607
177 1667 1910
178 1795 1034
179 699 1198
180 1822 1774
181 442 1325
182 221 906
183 1880 952
184 1354 419
185 1261 1974
186 822 1384
187 1876 465
188 630 1130
189 1313 1665
190 1139 555
191 966 661
192 871 1691
193 1206 1064
194 1908 194
195 1717 982
196 1359 900
197 1256 924
198 1083 971
199 1782 662
