65 19 80 24
0 0 2 28
2 28 27 94
27 94 63 94
27 94 27 191
27 191 40 252
40 252 40 267
40 267 52 267
40 267 40 274
40 274 8 297
40 274 122 274
122 274 131 259
131 259 131 243
131 259 173 259
173 259 175 246
175 246 175 223
175 246 222 246
222 246 222 315
222 315 240 315
222 315 219 345
219 345 219 348
219 348 179 348
219 348 233 348
233 348 233 379
233 348 286 338
286 338 318 320
318 320 325 320
318 320 318 267
348 233 334 233
334 233 334 240
334 233 319 199
319 199 319 192
319 199 298 199
298 199 294 199
294 199 294 216
294 199 251 178
251 178 251 130
251 178 149 178
149 178 141 178
141 178 141 127
141 178 135 319
135 319 129 319
135 319 135 413
135 413 184 420
184 420 184 459
184 459 237 459
184 459 184 477
184 477 106 498
184 477 373 477
373 477 392 477
392 477 396 499
392 477 392 446
392 446 436 446
436 446 487 455
487 455 498 496
487 455 474 389
474 389 473 389
474 389 474 320
474 320 457 261
457 261 425 219
425 219 409 219
425 219 425 151
425 151 409 93
409 93 402 69
345 8 377 32
377 32 468 36
209 4 228 46
345 8 360 404
overall edgelen: 3503
