867 167 854 167
867 167 891 167
891 167 901 175
891 167 891 140
891 167 990 180
990 180 990 234
990 234 995 234
990 234 809 305
809 305 809 310
809 305 731 305
731 305 731 349
731 349 768 360
731 349 697 349
697 349 697 261
697 261 701 261
697 261 645 256
645 256 645 219
645 256 599 256
599 256 542 256
542 256 542 270
542 256 467 212
467 212 440 212
467 212 467 86
467 86 314 86
314 86 314 143
314 86 209 62
209 62 157 58
157 58 155 58
157 58 157 20
157 58 207 209
207 209 207 221
207 209 221 209
207 209 82 209
82 209 82 200
82 209 62 265
62 265 55 265
62 265 62 293
62 293 50 297
50 297 14 297
50 297 50 456
50 456 50 482
50 482 21 507
50 482 157 482
157 482 176 529
176 529 176 540
176 529 263 529
263 529 268 480
268 480 315 480
315 480 315 478
315 480 326 519
326 519 370 554
370 554 370 557
370 554 474 554
474 554 498 554
498 554 503 559
498 554 498 541
498 554 493 638
493 638 493 649
493 638 422 638
422 638 423 752
423 752 454 752
423 752 423 789
423 789 483 789
483 789 509 788
483 789 483 840
483 840 435 868
387 933 420 933
420 933 420 918
420 933 445 936
445 936 468 938
387 933 325 933
325 933 325 929
325 933 311 933
311 933 289 948
311 933 311 847
311 847 345 847
345 847 356 876
345 847 345 800
345 800 252 753
252 753 222 753
252 753 252 688
252 688 213 688
213 688 213 636
213 688 108 698
108 698 108 733
108 733 95 733
108 733 137 791
137 791 145 791
137 791 137 903
137 903 81 903
81 903 72 902
81 903 81 931
81 931 11 935
387 933 578 835
578 835 578 830
578 835 619 835
619 835 629 835
629 835 629 817
629 835 659 848
659 848 676 874
676 874 677 874
676 874 676 922
676 922 720 922
720 922 720 913
720 922 769 946
769 946 773 946
773 946 796 959
773 946 773 881
773 881 786 875
786 875 786 819
786 875 852 875
852 875 884 923
884 923 913 923
884 923 884 972
884 972 884 982
884 982 933 996
884 982 649 982
649 982 675 778
675 778 692 771
692 771 692 749
692 749 757 749
692 749 594 742
594 742 594 713
594 713 584 713
594 713 630 613
630 613 630 587
630 613 700 613
700 613 765 645
765 645 865 645
865 645 865 660
865 645 892 616
892 616 892 440
892 440 928 440
892 440 780 440
780 440 780 421
780 440 641 440
641 440 641 486
641 440 399 420
399 420 259 399
259 399 259 387
259 387 251 387
259 387 259 351
259 351 285 326
259 351 172 351
259 351 639 164
639 164 684 164
639 164 639 100
overall edgelen: 9143
