248 678
439 453
407 294
335 256
278 256
77 310
4 248
48 462
131 933
92 1023
37 1023
61 1129
228 1129
294 1146
433 1219
521 1059
580 996
681 902
681 777
718 760
802 760
968 892
983 976
928 994
914 1233
982 1282
963 1396
767 1388
706 1316
258 1422
218 1396
218 1353
127 1436
127 1414
321 981
461 850
461 766
606 519
717 375
948 375
1098 284
1107 320
1179 518
1114 484
1041 484
1000 594
1000 700
1047 700
1262 869
1364 1004
1413 1004
1263 1142
1165 1142
1165 1202
1288 1299
1348 695
1323 645
1400 561
1429 418
1374 370
1374 236
1199 103
1466 10
897 202
num of setiners: 64
The run time is: 0.001416s
