256 864 261 870
256 864 248 770
248 770 248 678
248 678 241 678
248 678 317 628
317 628 394 580
394 580 435 552
435 552 439 453
439 453 447 453
439 453 439 295
439 295 407 294
407 294 388 294
407 294 407 264
407 264 335 256
335 256 335 227
335 256 279 256
279 256 278 256
278 256 278 175
278 256 113 305
113 305 77 310
77 310 77 328
77 310 39 310
0 248 4 248
4 248 4 184
4 248 48 462
48 462 199 462
48 462 48 673
48 673 71 850
71 850 85 909
85 909 131 933
131 933 141 933
131 933 131 1023
131 1023 92 1023
92 1023 92 1052
92 1023 37 1023
37 1023 17 1017
37 1023 37 1129
37 1129 61 1129
61 1129 61 1201
61 1129 228 1129
228 1129 228 1123
228 1129 294 1146
294 1146 294 1198
294 1146 371 1146
371 1146 390 1219
390 1219 433 1219
433 1219 433 1272
433 1219 493 1192
493 1192 515 1129
515 1129 521 1059
521 1059 572 1059
521 1059 521 1006
521 1006 580 996
580 996 580 977
580 996 662 996
662 996 681 989
681 989 681 902
681 902 732 902
681 902 681 777
681 777 624 777
681 777 718 760
718 760 718 710
718 760 798 760
798 760 802 760
802 760 802 737
802 760 855 784
855 784 951 784
855 784 888 856
888 856 968 892
968 892 968 894
968 892 983 892
983 892 983 976
983 976 998 976
983 976 928 994
928 994 927 994
928 994 928 1079
928 1079 914 1233
914 1233 890 1233
914 1233 914 1282
914 1282 982 1282
982 1282 1052 1277
982 1282 982 1370
982 1370 963 1396
963 1396 963 1397
963 1396 952 1396
952 1396 767 1388
767 1388 734 1388
767 1388 767 1340
767 1340 706 1316
706 1316 706 1315
706 1316 576 1316
576 1316 623 1432
623 1432 635 1435
623 1432 404 1428
404 1428 321 1422
321 1422 279 1422
279 1422 258 1422
258 1422 258 1476
258 1422 218 1396
218 1396 166 1396
218 1396 218 1306
218 1306 180 1286
218 1306 218 1353
218 1353 361 1353
218 1353 127 1436
127 1436 86 1436
127 1436 127 1481
127 1436 127 1414
127 1414 35 1414
127 1414 321 981
321 981 321 929
321 981 425 981
425 981 441 850
441 850 461 850
461 850 461 831
461 850 508 851
461 850 461 766
461 766 450 766
461 766 606 519
606 519 659 519
606 519 606 375
606 375 717 375
717 375 739 397
717 375 717 303
717 375 948 375
948 375 961 360
948 375 948 408
948 375 1028 301
1028 301 1070 284
1070 284 1098 284
1098 284 1098 269
1098 284 1107 320
1107 320 1107 333
1107 320 1212 320
1212 320 1223 368
1223 368 1255 407
1255 407 1255 432
1255 432 1279 477
1279 477 1302 509
1212 518 1212 518
1212 518 1179 518
1179 518 1179 539
1179 518 1114 484
1114 484 1103 484
1114 484 1114 459
1114 484 1041 484
1041 484 1041 478
1041 484 1025 485
1025 485 1000 594
1000 594 1000 606
1000 594 968 594
1000 594 1000 700
1000 700 1001 700
1000 700 985 727
1000 700 1047 700
1047 700 1047 690
1047 700 1081 861
1081 861 1262 869
1262 869 1296 869
1262 869 1262 983
1262 983 1364 1004
1364 1004 1364 1008
1364 1004 1386 1004
1386 1004 1378 1041
1386 1004 1413 1004
1413 1004 1426 975
1413 1004 1413 1142
1413 1142 1489 1096
1413 1142 1263 1142
1263 1142 1263 1148
1263 1142 1165 1142
1165 1142 1165 1141
1165 1142 1165 1202
1165 1202 1112 1202
1165 1202 1238 1279
1238 1279 1288 1299
1288 1299 1288 1331
1288 1299 1408 1299
1408 1299 1480 1369
1212 518 1348 695
1348 695 1472 695
1348 695 1348 694
1348 694 1323 645
1323 645 1291 645
1323 645 1323 581
1323 581 1400 561
1400 561 1400 524
1400 561 1492 561
1400 561 1429 430
1429 430 1429 418
1429 418 1436 418
1429 418 1374 394
1374 394 1374 370
1374 370 1318 370
1374 370 1374 236
1374 236 1394 236
1374 236 1199 172
1199 172 1199 103
1199 103 1163 103
1199 103 1203 25
1203 25 1232 11
1232 11 1466 10
1466 10 1466 2
1466 10 1494 10
1466 10 1457 49
567 202 897 202
897 202 1025 231
897 202 897 201
897 201 853 0
567 202 567 202
567 202 558 93
567 202 845 546
overall edgelen: 16804
