1340 1315 1341 1312
1341 1312 1341 1307
1341 1312 1447 1312
1447 1312 1466 1307
1466 1307 1466 1244
1466 1307 1564 1307
1564 1307 1643 1287
1643 1287 1643 1257
1643 1287 1683 1287
1683 1287 1783 1287
1783 1287 1783 1203
1783 1287 1898 1330
1898 1330 1931 1344
1931 1344 1931 1391
1931 1344 1980 1344
1980 1344 1977 1482
1977 1482 1977 1521
1977 1482 1888 1482
1888 1482 1822 1651
1822 1651 1817 1651
1822 1651 1822 1774
1822 1774 1850 1791
1822 1774 1696 1774
1696 1774 1696 1765
1696 1774 1667 1774
1667 1774 1667 1910
1667 1774 1522 1758
1522 1758 1521 1758
1522 1758 1522 1641
1522 1641 1522 1566
1522 1566 1564 1566
1522 1566 1479 1566
1479 1566 1479 1533
1479 1566 1432 1587
1432 1587 1401 1648
1401 1648 1313 1665
1313 1665 1247 1754
1247 1754 1232 1754
1247 1754 1247 1815
1247 1815 1262 1838
1262 1838 1316 1845
1262 1838 1261 1838
1261 1838 1194 1801
1261 1838 1261 1974
1261 1974 1275 1968
1275 1968 1321 1953
1275 1968 1130 1968
1130 1968 1130 1975
1130 1968 972 1814
972 1814 898 1814
972 1814 972 1717
972 1717 871 1702
871 1702 871 1691
871 1702 836 1702
836 1702 812 1700
812 1700 747 1696
747 1696 747 1676
747 1696 594 1696
594 1696 514 1696
514 1696 514 1726
514 1696 470 1696
470 1696 470 1660
470 1696 464 1711
464 1711 464 1767
464 1711 344 1711
464 1711 412 1587
412 1587 279 1581
279 1581 268 1420
268 1420 132 1396
132 1396 132 1369
132 1396 17 1396
132 1396 132 1271
132 1271 80 1266
132 1271 357 1271
357 1271 442 1325
442 1325 537 1355
537 1355 576 1355
576 1355 577 1394
576 1355 576 1248
576 1248 576 1208
576 1208 555 1208
576 1208 576 1130
576 1130 630 1130
576 1130 576 1075
576 1075 562 1075
576 1075 617 1047
617 1047 617 1039
617 1047 697 1047
697 1047 699 1047
699 1047 709 1031
699 1047 699 1198
699 1198 819 1258
819 1258 822 1324
822 1324 841 1324
822 1324 822 1384
822 1384 779 1366
822 1384 863 1384
863 1384 863 1460
863 1384 968 1269
968 1269 1017 1236
1017 1236 1037 1236
1037 1236 1037 1215
1037 1236 1062 1299
1037 1236 1037 1134
1037 1134 998 1134
1037 1134 1109 1126
1109 1126 1109 1098
1109 1126 1179 1126
1179 1126 1206 1064
1206 1064 1278 1034
1278 1034 1286 1034
1286 1034 1286 1018
1286 1034 1343 1034
1343 1034 1343 1047
1343 1034 1355 1034
1355 1034 1412 1032
1355 1034 1355 1147
1355 1034 1359 900
1323 904 1323 904
1323 904 1256 904
1256 904 1256 924
1256 904 1092 904
1092 904 1092 891
1092 904 1083 904
1083 904 1083 971
1083 904 1017 904
1017 904 1017 881
1017 904 1004 1004
1017 904 1022 698
1022 698 1022 683
1022 683 1079 683
1022 683 1022 661
1022 661 966 661
1022 661 1109 655
1109 655 1139 655
1109 655 1109 569
1109 569 1109 555
1109 555 1139 555
1109 555 1107 524
1107 524 1097 477
1097 477 1031 477
1031 477 1031 471
1031 477 941 477
941 477 941 506
941 477 935 434
935 434 927 412
927 412 890 279
890 279 869 279
890 279 890 159
890 159 817 126
817 126 804 126
817 126 817 73
817 126 702 182
702 182 667 182
667 182 667 241
667 182 432 155
432 155 358 97
358 97 279 97
358 97 358 13
358 97 358 396
358 396 372 396
358 396 309 420
309 420 309 431
309 420 252 420
309 420 309 559
309 559 326 559
309 559 309 607
309 607 280 602
309 607 353 620
309 607 152 607
152 607 152 576
152 607 151 607
151 607 151 651
151 607 101 582
101 582 95 582
101 582 101 326
101 326 117 256
117 256 167 256
117 256 117 206
117 256 523 468
523 468 722 516
722 516 726 516
726 516 726 522
726 516 770 479
726 516 711 701
711 701 705 726
705 726 570 739
570 739 570 749
570 749 456 749
570 749 570 868
570 868 571 868
570 868 570 895
570 895 567 935
570 895 628 895
628 895 715 895
715 895 715 871
715 895 754 895
754 895 754 912
754 895 854 831
854 831 870 622
870 622 1210 573
1210 573 1218 570
1218 570 1218 446
1218 446 1279 446
1218 446 1218 403
1218 403 1166 403
1218 403 1218 324
1218 324 1225 324
1218 324 1218 307
1218 307 1159 307
1218 307 1286 182
1286 182 1294 182
1294 182 1294 59
1294 182 1411 204
1411 204 1456 204
1411 204 1411 334
1411 334 1398 419
1398 419 1354 419
1398 419 1398 474
1398 474 1389 535
1398 474 1534 458
1534 458 1599 458
1599 458 1599 407
1599 458 1599 467
1599 467 1686 467
1599 467 1599 607
1599 607 1593 607
1599 607 1644 662
1644 662 1644 675
1644 662 1782 662
1782 662 1861 705
1861 705 1861 818
1861 818 1881 818
1861 818 1856 849
1856 849 1856 905
1856 905 1847 905
1856 905 1856 952
1856 952 1880 952
1856 952 1846 1015
1846 1015 1846 1033
1846 1033 1795 1033
1795 1033 1795 1034
1795 1033 1728 982
1728 982 1717 982
1728 982 1728 946
1728 982 1622 982
1622 982 1622 1080
1622 982 1568 901
1622 982 1973 982
1973 982 1973 1006
1973 982 1973 564
1973 564 1979 564
1973 564 1876 465
1876 465 1876 358
1876 358 1829 358
1876 358 1908 194
1908 194 1908 123
1908 123 1913 123
1908 123 1844 59
1844 59 1831 21
1831 21 1831 8
1831 21 1092 21
1092 21 1032 26
0 33 221 799
221 799 280 799
221 799 221 906
221 906 272 913
272 913 272 928
272 913 338 913
338 913 338 1021
338 1021 381 1021
338 1021 230 1039
230 1039 230 1068
230 1068 218 1068
230 1068 333 1158
333 1158 457 1158
333 1158 333 1876
333 1876 393 1957
393 1957 530 1957
530 1957 530 1962
530 1957 535 1873
535 1873 537 1873
537 1873 537 1855
537 1873 537 1955
537 1955 716 1955
537 1955 202 1955
202 1955 202 1989
202 1955 3 1707
1257 1403 1257 1434
1257 1434 1086 1600
1257 1434 1338 1434
1257 1434 1257 1403
1257 1434 1579 1447
1579 1447 1586 1452
overall edgelen: 26408
