1341 1312
1466 1307
1643 1287
1783 1287
1931 1344
1977 1482
1822 1651
1696 1774
1667 1774
1522 1758
1522 1566
1479 1566
1247 1754
1261 1838
1130 1968
972 1814
871 1702
747 1696
514 1696
470 1696
464 1711
132 1396
132 1271
576 1355
576 1208
576 1130
576 1075
617 1047
699 1047
822 1324
863 1384
1037 1236
1037 1134
1109 1126
1286 1034
1343 1034
1355 1034
1256 904
1092 904
1083 904
1017 904
1022 683
1022 661
1109 655
1109 555
1031 477
941 477
890 279
817 126
667 182
358 97
358 396
309 420
309 559
152 607
151 607
101 582
117 256
726 516
570 749
570 868
570 895
715 895
754 895
1218 446
1218 403
1218 324
1218 307
1294 182
1411 204
1398 419
1599 458
1599 467
1599 607
1644 662
1861 818
1856 905
1856 952
1795 1033
1728 982
1622 982
1973 982
1973 564
1876 358
1908 123
1831 21
221 799
272 913
338 1021
230 1068
333 1158
530 1957
537 1873
537 1955
202 1955
1257 1434
num of setiners: 96
The run time is: 0.004606s
